bestPath = [
25
32
50
29
47
34
42
28
46
48
33
38
45
27
39
44
40
37
49
30
36
20
8
16
21
19
7
14
22
17
24
2
12
6
15
3
11
13
10
9
23
4
1
5
18
26
31
43
35
41
];
